sample_ID	PEL	CEU	YRI
7_87144-100	0.006252061503596411	0.052424120475033975	0.9413238180213697
DUK_9964_434	0.008999307200362324	0.32364301888572544	0.6673576739139122
IHG9966_338	0.009074832015335692	0.1499313616305343	0.84099380635413
IHG9966_746	0.01992975214539969	0.07992065250507134	0.900149595349529
IHG9966_766	0.0037216135766731467	0.08677929559300483	0.909499090830322
IHG9966_770	0.03360780941251837	0.04464292588510378	0.9217492647023778
IHG9966_772	0.006490795688144107	0.11072151739863208	0.8827876869132238
IHG9966_774	0.009395262540999403	0.07088517160692243	0.9197195658520781
IHG9966_777	0.007975139381779284	0.19707980492111385	0.7949450556971068
IHG33209_1	0.008067101231726631	0.4741739351153849	0.5177589636528884
IHG33217_100	0.012699595404522764	0.2550959391235773	0.7322044654719
IHG33219_1	0.0028649324230108223	0.13410775191344806	0.8630273156635411
IHG33258_1	0.008405435293625937	0.40901917829245726	0.5825753864139168
IHG33262_1	0.009044035488841697	0.23698391529195412	0.7539720492192041
IHG33263_1	0.013638156211958805	0.2113583333506462	0.775003510437395
IHG33265_1	0.0036580040844504304	0.1365933493434535	0.859748646572096
IHG33269_1	0.0040141805783661	0.08038418911218136	0.9156016303094525
IHG33269_100	0.0024763095886818367	0.06928442437564625	0.9282392660356719
IHG33271_1	0.005449274271298579	0.23169314536534885	0.7628575803633526
IHG33274_100	0.014444059759437577	0.08498936969897984	0.9005665705415826
IHG33281_1	0.019507583094711175	0.24415889492286263	0.7363335219824262
IHG33282_1	0.008804018115690085	0.33753439098219046	0.6536615909021195
IHG33283_100	0.010978045131820742	0.0999051540309048	0.8891168008372744
IHG33287_1	0.00796053547338233	0.35192907853248684	0.6401103859941308
IHG33292_1	0.01665273286787398	0.07020453170887359	0.9131427354232524
IHG33295_1	0.008923354655854315	0.34665932845729813	0.6444173168868476
IHG33295_100	0.005383342818744966	0.42923013205477234	0.5653865251264827
IHG33296_1	0.006035752567507636	0.0578976531213685	0.9360665943111238
IHG33298_1	0.021715584056736	0.17055800739629912	0.8077264085469649
IHG33299_1	0.023287917826068306	0.38284524708774237	0.5938668350861893
IHG33334_102	0.01127183421789838	0.12768716497320395	0.8610410008088977
IHG33336_1	0.021678188274564723	0.098709833294247	0.8796119784311883
IHG87147_100	0.002699951031078706	0.03517067202786939	0.9621293769410519
IHG87150_100	0.006318787311000067	0.16257400790273088	0.8311072047862691
IHG87157_100	0.005137459440546878	0.03580994436949673	0.9590525961899564
IHG87160_100	0.01203704235536723	0.2049698261255	0.7829931315191327
IHG87162_100	0.013685695294522947	0.34914517030418046	0.6371691344012966
IHG87165_100	0.00794941450548172	0.1264895833804345	0.8655610021140838
IHG87173_100	0.004175006883390297	0.08845275684516961	0.9073722362714401
IHG87175_100	0.004993375691592829	0.17843898517623863	0.8165676391321686
IHG87179_100	0.012447112770647391	0.2596865158019788	0.7278663714273738
IHG_9963_116	0.005098536052894745	0.10628528997801592	0.8886161739690893
IHG_9963_137	0.007747281748255261	0.06539721836484864	0.9268554998868961
IHG_9963_140_2	0.008912844730146047	0.2194031926465716	0.7716839626232823
IHG_9963_143	0.010640016591017607	0.2031175739278562	0.7862424094811262
IHG_9963_146	0.006186863301673608	0.16994073257359607	0.8238724041247303
IHG_9963_159	0.01999623353592641	0.11713257208067565	0.862871194383398
IHG_9963_160	0.004477717185476114	0.13121471154958955	0.8643075712649343
IHG_9966_167	0.0038605645712115294	0.09755777434480696	0.8985816610839815
IHG_9966_170	0.008378182811847521	0.08772879405568379	0.9038930231324687
IHG_9966_171	0.02134706451053504	0.09705115926313689	0.8816017762263281
IHG_9966_172	0.007012625720403468	0.18939008334737711	0.8035972909322194
IHG_9966_175	0.007384505998662306	0.5389868138316977	0.45362868016964
IHG_9966_178_1	0.010107798841488444	0.03826101791563487	0.9516311832428767
IHG_9966_191	0.012735585789651659	0.20165357793922598	0.7856108362711224
IHG_9966_192	0.0166880511065913	0.09483313720915766	0.888478811684251
IHG_9966_193	0.012222738077619711	0.2892705512737113	0.698506710648669
IHG_9966_206_2	0.006402011257596935	0.0737901272935316	0.9198078614488715
IHG_9966_213	0.003495833486603083	0.3333467966296379	0.663157369883759
IHG_9966_215	0.00946748772813413	0.21649163770428514	0.7740408745675808
IHG_9966_216	0.0056964408381005825	0.20154676776400476	0.7927567913978947
IHG_9966_222	0.003857875985565228	0.17675550283211947	0.8193866211823153
IHG_9966_225	0.018843624648513253	0.059976296451274703	0.921180078900212
IHG_9966_226_3	0.011299697741869136	0.14885867706187939	0.8398416251962515
IHG_9966_233	0.016079208666142555	0.1036413715159749	0.8802794198178825
IHG_9966_238	0.009032975625160321	0.1441171729619696	0.8468498514128701
IHG_9966_239	0.016655238140862578	0.12884594538675978	0.8544988164723777
IHG_9966_247	0.005485753490181346	0.1544772711246757	0.840036975385143
IHG_9966_248	0.005054724327703883	0.03152983822902375	0.9634154374432724
IHG_9966_250	0.008719755397366236	0.03168571509228998	0.9595945295103437
IHG_9966_254	0.03984477817396396	0.1920768969713205	0.7680783248547155
IHG_9966_259	0.04623951802947203	0.2339706829288621	0.7197897990416658
IHG_9966_266	0.016905582127064757	0.2466708893755772	0.736423528497358
IHG_9966_272	0.015568682914441506	0.08243557996030915	0.9019957371252494
IHG_9966_275	0.004277356450607443	0.06566302171851705	0.9300596218308755
IHG_9966_276	0.006329724966242974	0.12447155543600855	0.8691987195977485
IHG_9966_286	0.01055178209844354	0.19599807692801227	0.7934501409735442
IHG_9966_298	0.009767326131915943	0.04584399041836959	0.9443886834497145
IHG_9966_307	0.012065455817311095	0.2551448224989646	0.7327897216837244
IHG_9966_309	0.007693632243767705	0.10281683118162972	0.8894895365746026
IHG_9966_313	0.016349350419376588	0.13224101801584578	0.8514096315647777
IHG_9966_315	0.008382582315632377	0.10691557999941584	0.8847018376849518
IHG_9966_318	0.0023424302443398855	0.02553698082341846	0.9721205889322416
IHG_9966_319	0.007316069273120095	0.07252465891319303	0.9201592718136868
IHG_9966_320	0.0036881284645328503	0.0973217898501248	0.8989900816853423
IHG_9966_323	0.008702035173788343	0.369690303041487	0.6216076617847247
IHG_9966_331	0.005775631906227999	0.49890721214321704	0.495317155950555
IHG_9966_335	0.005068961610785432	0.1400650466634591	0.8548659917257555
IHG_9966_336	0.016874052349939953	0.09790716827038763	0.8852187793796724
IHG_9966_337	0.04764509838451443	0.1109257276993125	0.8414291739161731
IHG_9966_701	0.003699493849310396	0.07627046976068289	0.9200300363900067
IHG_9966_713	0.004252548137598392	0.10982866254718315	0.8859187893152185
IHG_9966_734	0.02427933378314186	0.09506557765912425	0.8806550885577339
IHG_9966_737	0.027678622603355036	0.1331388834132719	0.8391824939833731
IHG_9966_745	0.0033108099107621762	0.0636740182782273	0.9330151718110106
IHG_9966_748	0.004247965321155833	0.2363645629257971	0.7593874717530471
IHG_9966_749	0.007741232430551083	0.08861077235610904	0.9036479952133398
IHG_9966_758	0.028064740164695425	0.16911686438566245	0.8028183954496421
IHG_9966_768	0.006895733349008603	0.04597554780238065	0.9471287188486107
IHG_33216_1	0.002608966848639105	0.12108589285668457	0.8763051402946763
IHG_33217_1	0.007087172867869092	0.05581057740920799	0.9371022497229229
IHG_33221_1	0.00354105060883633	0.03840895123040067	0.958049998160763
IHG_33222_1	0.01656352070779217	0.1852897458198909	0.7981467334723169
IHG_33223_1	0.018484454047855113	0.21442014356802935	0.7670954023841156
IHG_33224_1	0.006108649901053938	0.11919031776760379	0.8747010323313422
IHG_33225_1	0.010044311557704197	0.2765526857076376	0.7134030027346582
IHG_33226_1	0.006652721869114518	0.24897708481791125	0.7443701933129743
IHG_33230_1	0.009650311552082609	0.050083340044613414	0.940266348403304
IHG_33234_1	0.007062486763298508	0.1834296111779659	0.8095079020587356
IHG_33235_1	0.008230249497081723	0.0981554958173551	0.8936142546855632
IHG_33236_1	0.009339046659304016	0.13042720037210026	0.8602337529685957
IHG_33239_1	0.02299797830580242	0.1813156496093424	0.7956863720848552
IHG_33247_1	0.005601301568753062	0.43544693642387067	0.5589517620073763
IHG_33250_1	0.02230890602549928	0.10623231261993994	0.8714587813545608
IHG_33251_1	0.007200582298767614	0.06794398111830742	0.924855436582925
IHG_33253_1	0.006032758460765164	0.13246319295698103	0.8615040485822538
IHG_33259_100	0.02569799044110036	0.07699980972146131	0.8973021998374383
IHG_33401_1	0.004602614209590649	0.17001436315777319	0.8253830226326362
NC9965_314	0.009315643743337348	0.14085982924303728	0.8498245270136254
NC9965_330	0.028225688678158087	0.3086805509303056	0.6630937603915363
NC9965_420	0.03670053836483399	0.2317441062841901	0.7315553553509759
NC9965_428	0.02276187160268179	0.06631084865083717	0.910927279746481
NC9965_444	0.023992999411810784	0.23773244197757207	0.7382745586106172
NC9965_448	0.010225668880391057	0.4065238041873744	0.5832505269322346
NC9965_472	0.009547167630015419	0.08340689262925467	0.9070459397407299
NC9965_607	0.023122997538355426	0.16428077095437824	0.8125962315072663
NC9965_614	0.012354234357411533	0.3187221739023635	0.668923591740225
NC9965_629	0.006995455434798682	0.18246935837270176	0.8105351861924995
NC9965_633	0.01313942357456994	0.1304319665012005	0.8564286099242295
NC9965_634	0.023710881231606865	0.25974957535622845	0.7165395434121647
NC9965_715	0.02041168112249917	0.1351870357377803	0.8444012831397205
NC9965_717	0.007033951092916176	0.06298286845447021	0.9299831804526136
NC9965_727	0.0059785590183045025	0.3222122635923586	0.6718091773893369
NC9965_733	0.00820036953387624	0.24739314124692446	0.7444064892191993
NC9965_811	0.009827574892080783	0.3686793948384777	0.6214930302694415
NC9965_814	0.0065401067930660394	0.0928532382975338	0.9006066549094002
NC9965_836	0.016449500234701306	0.0943245667924721	0.8892259329728266
NC27037_1	0.0072442107113007735	0.16029365954513286	0.8324621297435664
NC27047_1	0.017744237536053017	0.07856731625747411	0.9036884462064728
NC27054_1	0.05474968595486525	0.2031833220677521	0.7420669919773827
NC27058_1	0.010022314038779914	0.07649679978872605	0.913480886172494
NC27066_1	0.03601476571236949	0.07291169303782193	0.8910735412498086
NC27074_1	0.013400460799138088	0.05120588565616338	0.9353936535446985
NC27094_1	0.01160057491737793	0.08002135225836916	0.9083780728242529
NC27096_1	0.005615477747615377	0.19266380299706418	0.8017207192553204
NC27097_1	0.023782739793426187	0.29522619620980306	0.6809910639967708
NC27099_1	0.012418943725580462	0.16267214127882088	0.8249089149955987
NC27100_1	0.004320129404071325	0.27898200615172836	0.7166978644442002
NC27101_1	0.026252205709553805	0.2900483468803424	0.6836994474101038
NC27119_1	0.00897700416034187	0.06546070564863289	0.9255622901910252
NC27135_1	0.015239025651673442	0.5860160427905515	0.3987449315577751
NC27149_1	0.008616611475299046	0.15205534429111223	0.8393280442335888
NC27150_1	0.013818352554480216	0.13292349104047166	0.8532581564050481
NC27158_1	0.03317170859984448	0.061261012660672014	0.9055672787394835
NC27163_1	0.012870626114159057	0.09328701714987679	0.8938423567359641
NC27165_1	0.006326364234185098	0.5361735755781589	0.45750006018765593
NC27166_1	0.006093801575780047	0.36026638262166677	0.6336398158025532
NC27168_1	0.006156433400495018	0.09547784782629684	0.8983657187732081
NC27169_1	0.006587034833437842	0.09347717348013337	0.8999357916864288
NC27172_1	0.012136153398964967	0.2193761234774509	0.7684877231235842
NC27176_1	0.008953112410621331	0.41285194044391726	0.5781949471454614
NC27183_1	0.026770430592878352	0.0920381691171699	0.8811914002899517
NC27185_1	0.01599036313137615	0.4205321297594535	0.5634775071091704
NC27191_1	0.009292668556905321	0.4084248786561862	0.5822824527869085
NC27193_1	0.007972328587694515	0.065305439827559	0.9267222315847464
NC27204_1	0.013760547963084742	0.30683422584192754	0.6794052261949877
NC27206_1	0.014721289602102767	0.14986176392482667	0.8354169464730705
NC27210_1	0.007928089132969014	0.1934432484176146	0.7986286624494164
NC27213_1	0.003922340936857222	0.17514088494307714	0.8209367741200656
NC_9965_23	0.008167739880805222	0.08547050432122928	0.9063617557979655
NC_9965_112	0.01671475365039661	0.197984208469998	0.7853010378796054
NC_9965_121	0.008472283309468063	0.18871970895815962	0.8028080077323723
NC_9965_128	0.005418355536366115	0.1645543345438894	0.8300273099197445
NC_9965_155_2	0.03840436841395811	0.1696329506213138	0.7919626809647281
NC_9965_160	0.012456828341505615	0.10933830118782936	0.878204870470665
NC_9965_166	0.021168579086152182	0.09857900916086676	0.8802524117529811
NC_9965_179	0.007932977470507743	0.32021073378712583	0.6718562887423664
NC_9965_192	0.019111505545635624	0.037424745571196745	0.9434637488831676
NC_9965_193	0.008003369531065447	0.1066439717449202	0.8853526587240144
NC_9965_212	0.05757141769487755	0.2757034592687218	0.6667251230364006
NC_9965_224	0.009037802858479818	0.41417014176545486	0.5767920553760653
NC_9965_248	0.009753211057272863	0.16120673989314827	0.8290400490495788
NC_9965_249	0.01794655360593718	0.1528026488923455	0.8292507975017174
NC_9965_257	0.019360138613699247	0.20096010615513799	0.7796797552311627
NC_9965_269	0.01950355021624172	0.1393674808966824	0.8411289688870759
NC_9965_307	0.009895583888088356	0.11559769519773387	0.8745067209141778
NC_9965_310	0.008260984919356484	0.1069382496647517	0.8848007654158918
NC_9965_312	0.026750388408969563	0.07080255870251789	0.9024470528885126
NC_9965_325	0.018100719551064858	0.26656532328225957	0.7153339571666756
NC_9965_326	0.031088421349276484	0.08643369012901667	0.8824778885217068
NC_9965_403	0.006535768393500417	0.2683941114597175	0.7250701201467821
NC_27000_1	0.006035447046411465	0.10064604268911848	0.8933185102644701
NC_27003_1	0.017117491559368675	0.23458245837183408	0.7483000500687973
NC_27006_1	0.046727129698960285	0.19177198691734224	0.7615008833836975
NC_27010_1	0.007783516550261093	0.2041270156296038	0.7880894678201351
NC_27011_1	0.013770141325504498	0.35478179011165084	0.6314480685628446
NC_27013_1	0.007878105881635506	0.4396740652062677	0.5524478289120968
NC_27014_1	0.02162013926629231	0.10876331048483631	0.8696165502488714
NC_27016_1	0.017209758930412194	0.06511100620195605	0.9176792348676318
NC_27022_1	0.023510520496738196	0.08802961012697334	0.8884598693762885
NC_27023_1	0.010302660196626045	0.1810068899895524	0.8086904498138215
NC_27024_1	0.006370481480472131	0.2160571867055306	0.7775723318139973
NC_27025_1	0.009289002303751273	0.04129691994406275	0.949414077752186
NC_27026_1	0.006694089425536016	0.0358127551635815	0.9574931554108825
NC_27027_1	0.003987966868314664	0.10240175022037237	0.893610282911313
NC_27030_1	0.003868935849246603	0.06268541311523852	0.9334456510355149
NC_27031_1	0.012032948372678544	0.1975892307968687	0.7903778208304528
NC_27032_1	0.01658820681236275	0.13350037597426095	0.8499114172133763
NC_27033_1	0.02026619197650274	0.05959433397684223	0.9201394740466551
NC_27035_1_2	0.026892150197592713	0.2793884714180737	0.6937193783843335
NC_27041_1	0.01290912177227655	0.1169877550810908	0.8701031231466326
NC_27049_1	0.014731066277180226	0.11469695790200374	0.870571975820816
NC_27050_1	0.034373384175302626	0.2924879328332646	0.6731386829914329
NC_27060_1	0.016704182620469108	0.3611682808975623	0.6221275364819686
NC_27061_1	0.03374462175938356	0.29626783983508703	0.6699875384055294
NC_27062_1	0.006703743892175006	0.14456146174002085	0.8487347943678042
NC_27063_1	0.010018036743433528	0.07419084876326894	0.9157911144932975
NC_27064_1	0.015475498980109477	0.43795502020655425	0.5465694808133362
NC_27065_1	0.0037836343591957757	0.04251778224436042	0.9536985833964438
NC_27067_1_2	0.012961671400817892	0.11160985053785767	0.8754284780613244
NC_27068_1	0.004074001608996301	0.20489845639743456	0.7910275419935692
NC_27070_1	0.010728189979372438	0.1800683902863356	0.809203419734292
NC_27071_1	0.008110485227382854	0.3820080581800157	0.6098814565926014
NC_27073_1_3	0.004428650497431117	0.12231097134810939	0.8732603781544594
NC_27077_1	0.005182737666999359	0.04592788651137803	0.9488893758216226
NC_27079_1	0.0030546610237327564	0.08830910082575019	0.9086362381505171
NC_27080_1	0.02417234029526292	0.5105685857587329	0.46525907394600413
NC_27081_1	0.006722075157945241	0.2967827039863537	0.696495220855701
NC_27083_1	0.004431277978858185	0.5328227424037985	0.4627459796173434
NC_27084_1	0.0058896523793188615	0.18654103802136718	0.807569309599314
NC_27090_1	0.0576533584528705	0.04710603696243105	0.8952406045846985
NC_27091_1	0.006002023038490403	0.17788244794745428	0.8161155290140553
NC_27093_1	0.009538674143541877	0.38331464969989887	0.6071466761565593
