sample_ID	PEL	CEU	YRI
IHG_87501_1	0.2084132744101629	0.5931679298743906	0.19841879571544646
IHG_87502_102	0.17546937869121967	0.7626336148781823	0.06189700643059807
IHG_87507_1	0.2571813420397655	0.5235650961118733	0.21925356184836114
IHG_87511_9001	0.2075819173187437	0.6238898195724143	0.16852826310884197
IHG_87516_1	0.22155731002625942	0.7018218371946556	0.07662085277908495
IHG_87522_1	0.20058402738897743	0.7138878053734081	0.08552816723761444
IHG_87525_1	0.08805404504967046	0.39537261971935667	0.5165733352309729
IHG_87527_1002	0.10405389485571509	0.4211865606345514	0.4747595445097335
IHG_87529_100	0.15907810846971326	0.7299334617551867	0.11098842977510004
IHG_87534_1	0.19392278353270376	0.7155171001108519	0.09056011635644431
IHG_87535_1001	0.17325401784959676	0.7693335040004624	0.05741247814994079
IHG_87536_108	0.18693360330395734	0.6247848542557342	0.18828154244030854
IHG_87541_1	0.22577545048831746	0.697034662932635	0.0771898865790475
IHG_87549_1	0.19018470888759828	0.5560589906114585	0.2537563005009433
IHG_87554_1	0.18467224233768892	0.5784567932377623	0.23687096442454877
IHG_87556_1	0.179686099794593	0.6332418449133862	0.18707205529202078
IHG_87564_109	0.1952267870661327	0.6647649625889309	0.1400082503449364
IHG_87566_1	0.15546184060627777	0.37859741297363514	0.4659407464200871
IHG_87566_101	0.13686043536376033	0.43957880401998506	0.4235607606162546
IHG_87572_101	0.16808832643288452	0.7360685106372546	0.09584316292986084
IHG_87573_1	0.20141957804014696	0.44822418228488103	0.35035623967497204
IHG_87584_1000	0.19800389136538304	0.7293007503633235	0.07269535827129338
IHG_87585_1	0.18588882627940023	0.7317950797027967	0.08231609401780314
IHG_87589_1	0.18752012102226343	0.7153001317810023	0.09717974719673433
IHG_87590_103	0.13100925821863518	0.548472002311232	0.32051873947013276
IHG_87593_1	0.21047315095950583	0.6203747777897205	0.16915207125077372
IHG_87595_1	0.09409760981287821	0.7813793430924135	0.12452304709470825
IHG_87596_1	0.17462918286617293	0.6780903535351516	0.14728046359867555
IHG_87601_1	0.18114261987032482	0.7414142670580139	0.07744311307166123
IHG_87602_1	0.16032978928071934	0.4799433004915239	0.35972691022775677
IHG_87604_106	0.18098694202913324	0.6082586159265722	0.21075444204429458
IHG_87611_1	0.18341017440176288	0.7094746321248097	0.10711519347342748
IHG_87614_9000	0.17225762805292763	0.7698386666596129	0.057903705287459487
IHG_87617_1	0.17043259084960102	0.7431040780884697	0.08646333106192933
IHG_87620_1	0.10750842034539707	0.8382335616651349	0.0542580179894681
IHG_87620_101	0.10865055247246476	0.8408713752643717	0.05047807226316355
IHG_87622_101	0.20012757453923424	0.7095956647108335	0.09027676074993235
IHG_87623_1	0.09264573491102363	0.2875756824631396	0.6197785826258367
IHG_87627_1	0.14122302783013993	0.4524810325292494	0.4062959396406106
IHG_87628_1	0.21294586733718893	0.7299602360212847	0.057093896641526386
IHG_87640_1	0.20120931940589776	0.7232794437249442	0.07551123686915796
IHG_87642_1	0.18922689984063182	0.7092038571975485	0.10156924296181964
IHG_87646_1	0.15108453842262023	0.6639761862580531	0.18493927531932666
IHG_87648_1	0.1512631195516788	0.683459335825297	0.16527754462302413
IHG_87648_101	0.1837935947955472	0.5923732180435586	0.22383318716089423
IHG_87655_1	0.18450875802373143	0.6511925387152662	0.16429870326100238
IHG_87659_1	0.14788240071360192	0.4450855931351556	0.40703200615124246
IHG_87659_9000	0.18505688854124636	0.5364992601915437	0.2784438512672099
IHG_87661_1	0.11248327253531913	0.837672850468369	0.04984387699631186
IHG_87662_1	0.15197544406249358	0.7134861268656341	0.13453842907187233
IHG_87668_1	0.2496494506630276	0.6494895663588249	0.10086098297814743
IHG_87669_1	0.14548755551466655	0.7768313307687672	0.0776811137165662
IHG_87671_1	0.239953488906228	0.5555821506096984	0.20446436048407357
IHG_87673_1	0.24156820295900155	0.5357790646916591	0.22265273234933927
IHG_87674_1	0.08349661334566197	0.389760927094125	0.526742459560213
IHG_87676_1	0.14973672831887674	0.5863086209652956	0.26395465071582774
IHG_87677_100	0.17345801840237243	0.6786877745088084	0.14785420708881922
IHG_87679_1	0.11559257128309638	0.7362436078859053	0.14816382083099838
IHG_87682_1008	0.23451082899708503	0.5670246332280384	0.19846453777487655
IHG_87684_105	0.04402231283465413	0.23630160804306696	0.7196760791222789
IHG_87684_106	0.1905472905152388	0.6660474821931776	0.14340522729158364
IHG_87693_1	0.19483949569411738	0.3854403347415522	0.41972016956433045
IHG_87694_1	0.10422737919676944	0.8491988817001955	0.046573739103034986
IHG_87695_1001	0.21013934360338266	0.6710321408612849	0.11882851553533241
IHG_87698_1	0.12204484683119786	0.7709087985915832	0.10704635457721885
IHG_87699_1	0.20187222442796296	0.6983940214547678	0.09973375411726922
IHG_87704_100	0.15551751817650086	0.64238832131029	0.20209416051320914
IHG_87724_100	0.20205293459504858	0.6466893007064922	0.1512577646984592
IHG_87749_100	0.18437153184544114	0.7350541207918112	0.0805743473627477
IHG_87751_1	0.19642085481780014	0.7177581384414073	0.08582100674079246
IHG_87763_1	0.1907004522205802	0.7400494891663577	0.06925005861306205
IHG_87771_1	0.21195083238290066	0.7034537771005573	0.08459539051654205
IHG_87776_1	0.21397135398689468	0.7113148306595412	0.07471381535356418
IHG_87778_1_2	0.19981421885143172	0.4043782570249545	0.39580752412361375
IHG_87781_1	0.15211737993096497	0.7604267701886676	0.08745584988036742
IHG_87782_1	0.19982273500354	0.5720911630857323	0.22808610191072776
IHG_87787_1	0.18270488216806782	0.41099917819132153	0.4062959396406106
IHG_87788_1	0.12432427236254447	0.8060227001905425	0.06965302744691308
IHG_87796_1	0.22272544222377894	0.5569503478654587	0.22032420991076235
IHG_87816_1	0.1503419557652995	0.5083656355713996	0.3412924086633009
IHG_87819_1	0.22324802428496904	0.6604520476765163	0.11629992803851469
IHG_87820_1	0.19613453146131105	0.6394868940935194	0.16437857444516946
IHG_87822_1	0.14934350144690714	0.6573253940430032	0.19333110451008964
IHG_87826_1	0.1552507432600785	0.43688479672009434	0.4078644600198271
IHG_87827_1	0.20500739421358433	0.39441906874844435	0.40057353703797133
IHG_87831_1	0.17354240572780907	0.3911102210728571	0.4353473731993338
IHG_87838_1	0.16382173422663468	0.6915814223496606	0.14459684342370477
IHG_87840_1	0.06850283078186406	0.13912921570497158	0.7923679535131644
IHG_87841_1	0.17794377249280288	0.7622096782455797	0.05984654926161735
IHG_87842_1	0.21849549527811624	0.6007469181529395	0.18075758656894425
IHG_87843_1	0.2066027533752027	0.5456668979361106	0.24773034868868676
IHG_87844_1	0.16680845199709574	0.6029845371193909	0.23020701088351336
IHG_87847_1	0.16111424301923916	0.38498762383743235	0.4538981331433285
IHG_87850_1	0.07399329727216035	0.14765807752511328	0.7783486252027264
IHG_87851_1	0.13994825018235532	0.4734877991282299	0.3865639506894148
IHG_87852_1	0.145706781915151	0.7607423839471049	0.09355083413774412
IHG_87854_1	0.18864212406252973	0.7250425452765743	0.08631533066089599
IHG_87855_1	0.19698027568848897	0.6703672358338003	0.13265248847771072
IHG_87856_1001	0.3197413180087327	0.5814399626115115	0.09881871937975574
IHG_87858_101	0.16667277421009785	0.451689933611433	0.38163729217846915
IHG_87860_9000	0.15340170599171946	0.7433434980920594	0.10325479591622119
IHG_87861_1	0.20588333207096432	0.6282963476417162	0.1658203202873195
IHG_87861_100	0.1671421303206112	0.633218167429873	0.19963970224951577
IHG_87867_1	0.1424396762881551	0.41204982619952907	0.44551049751231586
IHG_87868_1	0.1698713635224044	0.42252895136877144	0.40759968510882416
IHG_87869_1	0.09897678432418978	0.25236319995189666	0.6486600157239136
IHG_87869_100	0.06956915625190727	0.21867001188003218	0.7117608318680605
IHG_87874_1	0.19466897910304015	0.6617893416227322	0.1435416792742277
IHG_87875_1	0.09138650569246703	0.5112364175438411	0.3973770767636919
IHG_87877_1	0.23973284314705884	0.624901951347223	0.13536520550571815
IHG_87881_1	0.213928450644834	0.6219123948593925	0.16415915449577348
IHG_87888_1	0.19518323856103353	0.6137165661997278	0.1911001952392387
IHG_87889_1	0.16070701610933397	0.700403639803411	0.13888934408725495
IHG_87894_1	0.1732427274964229	0.5560065388564279	0.27075073364714924
IHG_87895_1	0.15883572071614646	0.7888645246651637	0.052299754618689936
IHG_87898_1	0.3325709011598612	0.544217152072283	0.12321194676785575
IHG_87899_1	0.16971768568663217	0.7405958132273649	0.08968650108600294
IHG_87901_1	0.15874804305921345	0.7334648261627548	0.10778713077803179
IHG_87906_1	0.17506931309104193	0.5791914403897095	0.24573924651924864
IHG_87906_100	0.19849395720943244	0.5904423095856131	0.2110637332049545
IHG_87907_1	0.22658171073753877	0.6063254493979919	0.16709283986446932
IHG_87915_1	0.14349993722563636	0.8005232659340109	0.05597679684035273
IHG_87919_1	0.17529221692084584	0.5254267785757871	0.29928100450336703
IHG_87920_1	0.166262386001304	0.5906684392306095	0.24306917476808645
IHG_87921_1	0.18604656864231503	0.40465290293044665	0.4093005284272383
IHG_87922_1	0.14736594770127764	0.49312707815079243	0.3595069741479299
IHG_87923_100	0.1625999889806153	0.6617075349494496	0.17569247606993516
IHG_87924_1	0.13254558496223023	0.5929721228922039	0.2744822921455658
IHG_87925_1	0.22492460947313533	0.5769737569611479	0.19810163356571675
IHG_87926_1	0.2157136812886848	0.6979575686592183	0.08632875005209692
IHG_87928_1	0.2227106034738933	0.6816502986653254	0.0956390978607813
IHG_87930_1	0.21148831500059548	0.6216975555675699	0.1668141294318346
IHG_87931_1	0.17973984187570058	0.6733560826422884	0.14690407548201098
IHG_87932_1	0.24736273478934587	0.5947877407151684	0.15784952449548573
IHG_87933_1	0.23586386492144043	0.6916030998277544	0.07253303525080519
IHG_87935_1	0.17450079542151017	0.7351253467912623	0.09037385778722755
IHG_87935_100	0.11634592816316018	0.8461317120988328	0.03752235973800703
IHG_87936_1	0.2720989953650197	0.552415045253671	0.1754859593813093
IHG_87937_1	0.203103195505433	0.5930507682665979	0.20384603622796912
IHG_87941_105	0.22155647131430936	0.6137041145530846	0.16473941413260604
IHG_87943_1	0.23227708100886466	0.6845870808166061	0.08313583817452924
IHG_87945_1	0.17510518415598286	0.7811138585020682	0.04378095734194893
IHG_87961_1	0.16019424052632916	0.7611580624928145	0.07864769698085633
IHG_87965_1	0.1636638628311122	0.7689034383189941	0.06743269884989365
IHG_87976_1	0.1555574537685844	0.767048401034377	0.0773941451970386
IHG_87980_1002	0.18553811565166822	0.7499335159488819	0.06452836839944985
IHG_87981_102	0.13360442654102675	0.8192188004638464	0.04717677299512683
IHG_87981_103	0.13537262488066096	0.8162383407748589	0.04838903434448016
IHG_87984_1	0.11295553187950574	0.7032484217054007	0.1837960464150935
IHG_87986_1	0.04620786714389807	0.18626592407540718	0.7675262087806948
IHG_87991_1	0.21817846216099424	0.7086527589300564	0.07316877890894931
IHG_87991_100	0.11294262861873561	0.38949492637334887	0.4975624450079155
IHG_87995_1	0.20313080848348106	0.5809956388268923	0.21587355268962663
IHG_88002_101	0.2550817234472506	0.5941865132795844	0.150731763273165
IHG_88013_1	0.1786677099383108	0.6100815886081756	0.21125070145351363
IHG_88018_1	0.2184556887186404	0.6588250755260111	0.1227192357553485
IHG_88019_1	0.19288310329615085	0.5573451876450246	0.24977170905882454
IHG_88022_1	0.22973436444150364	0.6749858289938592	0.09527980656463714
IHG_88022_100	0.19482472146053556	0.716315682919915	0.08885959561954943
IHG_88033_1	0.1246045311864716	0.3099160655790164	0.565479403234512
IHG_88035_100	0.18531798602292987	0.7486674480021172	0.06601456597495296
IHG_88037_1	0.2340479890332606	0.6232997534573964	0.14265225750934293
IHG_88056_1	0.18430546715029808	0.7186040762174969	0.09709045663220507
IHG_88056_102	0.22151414861898336	0.583830485218089	0.19465536616292767
IHG_88058_1	0.10213324449008185	0.15263505875306244	0.7452316967568557
IHG_88060_1	0.16863781179278034	0.4644369358936327	0.3669252523135869
IHG_88064_1	0.10161104952671485	0.34583222741635816	0.552556723056927
IHG_88066_1	0.14559432999753935	0.3464143580260024	0.5079913119764583
IHG_88067_1	0.15500158129460737	0.6252879523931614	0.2197104663122313
IHG_88068_1	0.187118184449274	0.6581659124495692	0.1547159031011568
IHG_88070_1	0.0825930625102339	0.8824287781941087	0.034978159295657445
IHG_88070_100	0.10508725249449063	0.8322879326511723	0.06262481485433702
IHG_88071_1	0.12802518561663198	0.4519161277727333	0.42005868661063467
IHG_88075_1	0.23886329240376006	0.6077325499849742	0.15340415761126577
IHG_88076_1	0.14997685800180877	0.620248003252654	0.22977513874553723
IHG_88077_1	0.20000834840971826	0.5607404226514678	0.2392512289388139
IHG_88077_100	0.1852750826808692	0.6894356100835887	0.12528930723554219
IHG_88081_1	0.18362288465555843	0.6192207101464404	0.19715640519800118
IHG_88082_1	0.19279949016636044	0.5904007610859333	0.21679974874770627
IHG_88083_1	0.17987306804315212	0.6770551249235643	0.14307180703328357
IHG_88084_1	0.19444684946888244	0.5825423526954073	0.22301079783571026
IHG_88089_1	0.21064773207772564	0.5872044943605653	0.20214777356170902
IHG_88091_1	0.22025337100913434	0.5860855881028839	0.19366104088798175
IHG_88093_1	0.2151151635378625	0.5066128566283857	0.2782719798337518
IHG_88094_1	0.22637887147823238	0.6543218375172372	0.11929929100453046
IHG_88095_1	0.0733122631687131	0.8894126035696355	0.03727513326165142
IHG_88096_1	0.19629027381880648	0.6957336271491833	0.10797609903201028
IHG_88097_1	0.12453962778479787	0.7683140818833186	0.10714629033188348
IHG_88098_1	0.20512326549530005	0.7160063272429512	0.07887040726174871
IHG_88101_1	0.20004757432245945	0.6757299600424723	0.12422246563506817
IHG_88109_1	0.12680808554448986	0.8222367441253712	0.05095517033013896
IHG_88110_1	0.10546576964918228	0.7768713953934585	0.11766283495735924
IHG_88111_1	0.11706051074460976	0.814184915855901	0.0687545733994892
IHG_88112_1	0.17172594919289458	0.7664905285549806	0.061783522252124815
IHG_88112_1002	0.11739483423116372	0.8155658228235199	0.06703934294531637
IHG_88113_1	0.13757450181477912	0.7738860324653783	0.0885394657198426
IHG_88114_1	0.1730809206063655	0.7529901048764133	0.07392897451722127
IHG_88115_1	0.14718285043094956	0.7463136996887346	0.1065034498803158
IHG_88117_1	0.11163101216145231	0.4792248469318433	0.40914414090670437
IHG_88118_1	0.15600145497168444	0.765857172000079	0.0781413730282366
IHG_88120_1	0.1654645773878871	0.7359602522793933	0.0985751703327196
IHG_88123_1	0.17465382809424387	0.7020753862687886	0.12327078563696753
IHG_88125_1	0.2093292123759303	0.7173391695642014	0.07333161805986829
IHG_88127_1	0.09457109496683798	0.45574129942803715	0.4496876056051249
IHG_88128_1	0.10388628149831115	0.8366423315469629	0.059471386954725945
IHG_88129_1	0.16675251636165725	0.482172403305867	0.35107508033247575
IHG_88130_1	0.10761519482826985	0.8432026073877104	0.049182197784019804
IHG_88131_1	0.17670841430667103	0.7706967335008262	0.05259485219250271
IHG_88132_1	0.09179063581978739	0.8490385586851268	0.059170805495085854
IHG_88133_1	0.1232564630175127	0.7949460895313394	0.08179744745114793
IHG_88134_1	0.11495050502717491	0.5886199820670481	0.2964295129057769
IHG_88135_1	0.0772760158446881	0.8819204542360696	0.04080352991924236
IHG_88136_1	0.09114566633019264	0.840018598760074	0.0688357349097333
IHG_88137_1	0.18848980106913837	0.7226535710612894	0.0888566278695723
IHG_88139_1	0.19088561401263152	0.6894985134798429	0.1196158725075255
IHG_88141_1	0.09466980491172944	0.8345436806990058	0.0707865143892648
IHG_88142_1	0.0737621998717674	0.500047935613761	0.4261898645144716
IHG_88144_1	0.08360538783395413	0.8584158744172081	0.05797873774883777
IHG_88145_100	0.08482668146584656	0.8501017228562813	0.06507159567787216
IHG_88146_1	0.08460422925016958	0.8690530645308845	0.04634270621894589
IHG_88147_1	0.0673816664535478	0.33596839423693925	0.5966499393095129
IHG_88148_1	0.11448631022096963	0.7988098419363459	0.08670384784268448
IHG_88149_1	0.1422507080341766	0.6046472513022293	0.25310204066359404
IHG_88150_1	0.1606074029361886	0.6543691279679597	0.18502346909585174
IHG_88151_1	0.09469283723220412	0.8558555448988958	0.04945161786890003
IHG_88152_1	0.18334385164140446	0.6552762272000995	0.16137992115849603
IHG_88154_1	0.08873856303352563	0.8478380393030742	0.06342339766340012
IHG_88155_1	0.18954077165886515	0.7437398862629176	0.06671934207821724
IHG_88156_1	0.18176946027853752	0.754082559449516	0.06414798027194654
IHG_88156_100	0.1818713960386215	0.7706642817999894	0.047464322161389086
IHG_88157_1	0.14934311434908404	0.7765679107001451	0.07408897495077084
IHG_88158_1	0.09027437364668989	0.8561967716299619	0.053528854723348285
IHG_88159_1	0.07715014453587551	0.8742723044797928	0.0485775509843317
IHG_88160_1	0.20807056380410838	0.7221202792936601	0.0698091569022316
IHG_88161_1	0.14839949888896473	0.5247316799181004	0.32686882119293487
IHG_88162_1	0.22689790514271072	0.6933190399612695	0.07978305489601972
IHG_88162_100_2	0.20675120539036299	0.7038766169559943	0.08937217765364268
IHG_88163_1	0.13192248649964083	0.7025771940801387	0.16550031942022037
IHG_88164_1	0.12167607163838766	0.561720812404782	0.3166031159568303
IHG_88174_1	0.1746893120613617	0.6812936525376392	0.14401703540099914
IHG_88182_1	0.19794692346908294	0.7196504661496502	0.08240261038126684
IHG_88188_1	0.22689042125146403	0.6617107607646421	0.1113988179838939
IHG_88195_1	0.2388612923983407	0.627182925269862	0.13395578233179728
IHG_88197_1	0.12719363497630123	0.752459393760938	0.12034697126276084
IHG_88198_1	0.0795712478704781	0.8958252661071727	0.02460348602234922
IHG_88201_1	0.15989275583843518	0.7419633008037828	0.098143943357782
IHG_88204_1	0.21119328194308656	0.6878334767100659	0.10097324134684751
IHG_88205_1	0.2180866554606148	0.6608687584830875	0.1210445860562977
IHG_88208_1	0.20168628844026545	0.6966926620059228	0.1016210495538117
IHG_88211_100	0.21232418823328425	0.7107848292234082	0.07689098254330753
IHG_88214_1	0.19485781832441093	0.7062425588508047	0.09889962282478443
IHG_88215_1	0.07922427918836941	0.8705366169379297	0.05023910387370082
IHG_88216_1	0.21468838818789057	0.5193676653833513	0.26594394642875807
IHG_88217_1	0.13037970812566071	0.8150627892023965	0.054557502671942724
IHG_88218_1	0.17192046584900422	0.7485450605737125	0.07953447357728324
IHG_88219_1	0.12289033299316036	0.781839989501907	0.09526967750493259
IHG_88221_100	0.159853529925694	0.7871580684283145	0.052988401645991556
IHG_88222_1	0.1022822771519768	0.8555077375048371	0.04220998534318609
IHG_88223_1	0.09749155449324444	0.8274042419985912	0.07510420350816434
IHG_88224_1	0.07680291778855143	0.8540631529453176	0.06913392926613092
IHG_88225_1	0.09039166428709032	0.8412753118427805	0.0683330238701292
IHG_88226_1	0.13761282449926637	0.7626057438349187	0.09978143166581484
IHG_88228_1	0.07518852631729712	0.8639560184614694	0.0608554552212335
IHG_88229_1	0.07204496941217518	0.3019919795911705	0.6259630509966543
IHG_88231_1	0.10231963209190631	0.7898701402932834	0.10781022761481031
IHG_88232_1	0.10447067017859016	0.843900286697551	0.051629043123858784
IHG_88233_1	0.059477709552503304	0.44663172635693593	0.49389056409056076
IHG_88235_1	0.10742803303079917	0.8232632630359386	0.06930870393326227
IHG_88236_1	0.0745611697786536	0.8637329855990578	0.061705844622288654
IHG_88237_1	0.2063853979475299	0.711417282550056	0.08219731950241413
IHG_88238_1	0.31360033362671047	0.6066024824067265	0.079797183966563
IHG_88240_1	0.07863466468747851	0.885701754804755	0.03566358050776654
IHG_88242_1	0.1488105322607971	0.6365391441705842	0.2146503235686187
IHG_88243_1	0.14358664713801159	0.7766315237757418	0.07978182908624655
IHG_88245_1	0.1845784356318901	0.7165901352764956	0.09883142909161431
IHG_88253_1	0.1502660200756673	0.7771384928914001	0.0725954870329326
IHG_88254_1	0.13179764745168987	0.8116945220109628	0.056507830537347266
IHG_88255_1	0.098559879968707	0.8413525378584897	0.06008758217280331
IHG_88263_1	0.10688416058933838	0.8301529591241473	0.06296288028651433
IHG_88265_1	0.05012536163001216	0.2815956662592247	0.6682789721107631
IHG_88266_1	0.10702880614257149	0.8380137546179157	0.05495743923951278
IHG_88267_1	0.0964886485498864	0.818278668884135	0.08523268256597856
IHG_88268_1	0.09711161797986807	0.8331120639165603	0.06977631810357164
IHG_88269_1	0.08102970343532544	0.8413564088367207	0.07761388772795384
IHG_88270_1	0.12278910691241873	0.49492372818042474	0.38228716490715653
IHG_88270_100	0.12023103546474126	0.48943377782055925	0.39033518671469947
IHG_88272_1	0.13605391704932362	0.7922018885470529	0.07174419440362355
IHG_88273_1	0.32211771154476676	0.6192183230431979	0.05866396541203531
IHG_88274_1	0.12511943580750348	0.8282697927310513	0.04661077146144525
IHG_88275_1	0.08227325519204633	0.8508794023828968	0.0668473424250569
IHG_88278_1	0.09476786969358239	0.80472366441251	0.10050846589390758
IHG_88279_1	0.09726129580480154	0.8619614324116233	0.04077727178357515
IHG_88279_100	0.12803544370894424	0.7782181732363403	0.09374638305471537
IHG_88280_1	0.09715819875124823	0.8529150853182957	0.04992671593045607
IHG_88280_100	0.07402826510884739	0.8895780878890124	0.03639364700214026
IHG_88281_1	0.09272638029083692	0.8587365849636496	0.048537034745513505
IHG_88282_1	0.1702356870902489	0.7370419971460568	0.09272231576369433
IHG_88284_1	0.22350389594604061	0.6115994636888693	0.16489664036509002
IHG_88285_1	0.10083014418490682	0.8043868893064098	0.09478296650868344
IHG_88286_1	0.12960628667509938	0.8012486227382035	0.06914509058669707
IHG_88287_1	0.19167548712067478	0.739592842767703	0.06873167011162223
IHG_88288_1	0.19280755470434177	0.7400781989215712	0.06711424637408694
IHG_88289_1	0.23315443822492937	0.5584496422506435	0.2083959195244271
IHG_88290_1	0.1705132362294143	0.5218441237066578	0.30764264006392794
IHG_88295_1	0.1617637931664073	0.7432087880496192	0.09502741878397349
IHG_88297_1	0.2829907022973869	0.5416810161679148	0.17532828153469834
IHG_88298_1	0.21065276434942598	0.6984542151662605	0.09089302048431357
IHG_88299_1	0.16642122514138424	0.7013589972308312	0.13221977762778453
IHG_88299_100	0.18871115650764989	0.6996157667007872	0.11167307679156292
IHG_88303_1	0.051674785183288885	0.12913905960261313	0.819186155214098
IHG_88304_1	0.19699201765578978	0.6994834437615896	0.10352453858262067
IHG_88308_1	0.2418951070706127	0.6071850646304977	0.15091982829888959
IHG_88309_1	0.22057227509906802	0.6236789802914304	0.15574874460950153
IHG_88314_1	0.1944265268331695	0.689772320673385	0.11580115249344547
IHG_88316_1	0.14370051841430795	0.7152963898353789	0.14100309175031314
IHG_88318_1	0.23613541404434774	0.5652550155297195	0.19860957042593277
IHG_88321_1	0.2381185161921084	0.5617399737470257	0.20014151006086597
IHG_88325_1	0.18970999792386534	0.6680409069495543	0.14224909512658035
IHG_88330_1	0.19626498342769702	0.5681576685562632	0.23557734801603977
IHG_88332_1	0.2132279971339277	0.5774107258871282	0.20936127697894408
IHG_88335_1	0.21505645370135842	0.6928438128671058	0.09209973343153575
IHG_88339_1	0.180501134261138	0.6659825142751999	0.15351635146366202
IHG_88341_1	0.16932045880382385	0.789159364173761	0.04152017702241516
IHG_88342_1	0.15753455590008694	0.33015941075453237	0.5123060333453807
IHG_88344_1	0.17770377184247854	0.6631284420254558	0.15916778613206564
IHG_88345_1	0.13041357918518232	0.42022288060393453	0.44936354021088315
IHG_88348_1	0.1435720019370375	0.5878212057090735	0.26860679235388896
IHG_88349_1	0.12639189086834945	0.5056385959239373	0.3679695132077132
IHG_88350_1	0.1667077420467849	0.5174153375125274	0.31587692044068766
IHG_88353_1	0.090307147929046	0.21497529219111433	0.6947175598798396
IHG_88356_1	0.24558995579213827	0.6561124230143075	0.0982976211935542
IHG_88358_1	0.12447530502985879	0.45101651243184016	0.4245081825383011
IHG_88363_1	0.19373897658303332	0.6595362387433565	0.14672478467361008
IHG_88364_1	0.21788271942414295	0.6092799090165276	0.17283737155932938
IHG_88369_1	0.14660136498434384	0.6628504412721634	0.19054819374349272
IHG_88370_1	0.25261791031949893	0.5158190751226551	0.2315630145578459
IHG_88372_1	0.16247798865003377	0.634454751425778	0.20306725992418817
IHG_88376_1	0.21794304216824328	0.5114289341945314	0.2706280236372253
IHG_88379_1	0.18017474627995766	0.7474590576309948	0.07236619608904747
IHG_88381_1	0.1766180269649763	0.732615146441042	0.09076682659398173
IHG_88382_1	0.21466451715546583	0.6856161158630236	0.09971936698151053
IHG_88383_1	0.21652742542915276	0.5475017416176224	0.23597083295322477
IHG_88389_1	0.1993582176158155	0.6724545318122798	0.12818725057190478
IHG_88392_1	0.27517016497722124	0.6041876371535975	0.12064219786918132
IHG_88394_1	0.24135736367801772	0.48413918282875346	0.2745034534932288
IHG_88395_1	0.18598502008844153	0.7356950257542634	0.07831995415729513
IHG_88398_1	0.19747782542378503	0.7170344590611148	0.08548771551510011
IHG_88399_1	0.17102491503525363	0.557394671650078	0.2715804133146683
IHG_88403_1	0.2087128236089414	0.6367965642229482	0.15449061216811039
IHG_88412_1	0.19444891399060565	0.653822610358041	0.1517284756513534
IHG_88417_1	0.18163049216004326	0.4431696524597034	0.3751998553802533
PER_97682_1	0.9044352894375585	0.08890907962460286	0.0066556309378386705
PER_97685_1	0.6470567855732254	0.3029643048065033	0.04997890962027123
PER_97687_1	0.44437081700479447	0.4810051098202976	0.07462407317490796
PER_97689_1	0.41461892993516497	0.40536387259888057	0.18001719746595443
PER_97691_1	0.5619204903651998	0.31688014896556493	0.12119936066923537
PER_97701_1	0.732387532921057	0.2506001629165705	0.01701230416237257
PER_97702_1	0.36401472829797343	0.5944218687560314	0.04156340294599508
PER_97705_1	0.743467627460668	0.2412908473687477	0.015241525170584334
PER_97706_1	0.3269571440129064	0.55862048142324	0.11442237456385365
PER_97707_1	0.09100650466278683	0.8931251942747199	0.015868301062493203
PER_97708_1	0.48272292092662444	0.4709947601148339	0.04628231895854169
PER_97712_1	0.8187308636578241	0.17135039978818006	0.009918736553995824
PER_97713_1	0.40579961571508777	0.49034307060703003	0.10385731367788223
PER_97716_1	0.4369479581815641	0.2884404589999534	0.27461158281848247
PER_97717_1	0.6304582244674469	0.344445836562912	0.025095938969641077
PER_97718_1	0.8459842278282302	0.13612507853247086	0.017890693639298894
PER_97719_1	0.8677147383238071	0.12183420109912556	0.01045106057706737
PER_97720_1	0.7690760194317946	0.1887494146758333	0.0421745658923721
PER_97723_1	0.7109299909070721	0.24671176528349303	0.042358243809434835
PER_97723_100	0.8307236058317061	0.15805365408086913	0.011222740087424753
PER_97724_1	0.8040873401076313	0.1831032058280416	0.012809454064327142
PER_97725_1	0.7152736800964234	0.2672185305276311	0.017507789375945406
PER_97726_1	0.8377638829731022	0.14765259363928598	0.01458352338761176
PER_97730_1	0.7511766806077798	0.15767371756749277	0.09114960182472752
PER_97732_1	0.8246241699493637	0.16624696660468372	0.009128863445952564
PER_97733_1	0.7090812117039285	0.2623059365709249	0.02861285172514661
PER_97735_1	0.7364470923082501	0.245419890815188	0.01813301687656186
PER_97736_1	0.7616436767118981	0.18271591445602628	0.05564040883207554
PER_97737_1	0.6595365613248758	0.26940614935859825	0.07105728931652588
PER_97738_1	0.5112878370380101	0.4525244520017409	0.03618771096024905
PER_97738_100	0.5063122106524418	0.43163123409753756	0.06205655525002068
PER_97739_1	0.7860912913441442	0.15756223339443887	0.05634647526141684
PER_97740_1	0.8971778504174012	0.09536922616177411	0.007452923420824753
PER_97741_1	0.9126613117274254	0.07915860159104947	0.008180086681525202
PER_97742_1	0.7906267875048436	0.19712034058414868	0.012252871911007759
PER_97744_1	0.897577851501275	0.09479316008469184	0.007628988414033122
PER_97745_1	0.7715378325541269	0.21447477470584114	0.013987392740031942
PER_97746_1	0.6720757565923727	0.25490772297576547	0.07301652043186181
PER_97747_1	0.7374915467512879	0.24637189339480792	0.01613655985390412
PER_97748_1	0.7077892727193196	0.14798356227803972	0.14422716500264066
PER_97749_1	0.696116853994056	0.28573090327083467	0.018152242735109347
PER_97750_1	0.746315699694154	0.2406482004660916	0.013036099839754404
PER_97751_1	0.9076842659831723	0.08271699832993096	0.0095987356868967
PER_97752_1	0.7857322581132156	0.205259781994248	0.009007959892536483
PER_97753_1	0.8503323686425472	0.13401107280419727	0.015656558553255435
PER_97754_1	0.49119558904611227	0.48073775425714055	0.02806665669674718
PER_97756_1	0.8056244410468725	0.18305494763276134	0.011320611320366158
PER_97757_1	0.698701893256743	0.23519308891030544	0.06610501783295154
PER_97758_1	0.7649389114473729	0.21577381048387356	0.019287278068753477
PER_97759_1	0.8698544860573171	0.11819870737714257	0.01194680656554037
PER_97760_1	0.660497080056604	0.2151585184940501	0.12434440144934586
PER_97761_1	0.6916156159907014	0.2894747843832867	0.01890959962601189
PER_97762_1	0.45022328447599663	0.4596305357730647	0.09014617975093868
PER_97763_1	0.16271753768623115	0.7644103938862286	0.07287206842754025
PER_97764_1	0.8786424453537229	0.11480908528913433	0.006548469357142774
PER_97765_1	0.7292520405539163	0.18286320517771726	0.08788475426836641
PER_97766_1	0.6172468338301303	0.3638016309463548	0.0189515352235148
PER_97767_1	0.6281389923766245	0.3418297004417689	0.030031307181606556
PER_97768_1	0.7458175047958194	0.2298597196198854	0.02432277558429513
PER_97769_1	0.8882264713233416	0.08938920995785925	0.022384318718799107
PER_97771_1	0.8987610159975917	0.08022918513714683	0.021009798865261442
PER_97772_1	0.7984662281020375	0.1334871359006263	0.06804663599733625
PER_97773_1	0.5110204169585492	0.4566678825839399	0.03231170045751092
PER_97776_1	0.9052688400833087	0.04927723029959178	0.045453929617099605
PER_97787_1	0.8635719529046466	0.1212601995437665	0.015167847551586913
PER_97804_1	0.7625672921178238	0.20810353163537604	0.02932917624680015
PER_97805_1	0.3409760207092174	0.6192976135806304	0.03972636571015225
PER_97806_1	0.7915483383890459	0.15481725821450612	0.05363440339644791
PER_97807_1	0.5688835414908866	0.3611560753906559	0.06996038311845748
PER_97809_1	0.5741340073308586	0.4077798146291751	0.018086178039966302
PER_97810_1	0.4812349168946135	0.3956091364892731	0.12315594661611341
PER_97811_1	0.7601192209682116	0.21165005737434903	0.02823072165743933
PER_97812_1	0.28769084406551293	0.40211108959133957	0.3101980663431475
PER_97813_1_2	0.6707485271895576	0.27759888123567816	0.05165259157476427
PER_97816_1	0.5687908315622533	0.3983304987019965	0.03287866973575025
PER_97818_1	0.9119766001946585	0.07921582755256498	0.008807572252776426
PER_97823_1	0.8068390249831645	0.18060719906466843	0.012553775952167097
PER_97830_1	0.8819981963822096	0.09856523482192661	0.019436568795863834
PER_97831_1	0.35706167719938336	0.5764285296773062	0.0665097931233104
PER_97832_1	0.6663779992178044	0.3149580147249431	0.018663986057252543
PER_97833_1	0.5811258972443667	0.39132215713100643	0.027551945624626855
PER_97834_1	0.9123713109416167	0.07760033930414521	0.010028349754238044
PER_97835_100	0.5875805598957107	0.3628843381382066	0.04953510196608275
PER_97841_1	0.5926181219329756	0.35652909511109643	0.05085278295592801
PER_97841_100	0.37840154147514465	0.4970801211203282	0.12451833740452715
PER_97842_1	0.5689346384035363	0.21597510135188752	0.21509026024457614
PER_97844_1	0.8405907293426215	0.1279860887364985	0.03142318192088004
PER_97847_1	0.8240438457962274	0.16667470969921339	0.009281444504559302
PER_97851_1	0.7061064294496798	0.23860677557964996	0.055286794970670246
PER_97852_1	0.5393516550173878	0.32754230688883157	0.13310603809378063
